0.0000000000  0.0000000000  0.0000000000  0.0000000000  0.0000000000  0.0000000000  0.0000000000  0.0000000000  0.0000000000  0.0000000000  0.0000000000  0.0000000000  0.0000000000  0.0000000000  0.3535533906  0.0000000000  0.0000000000  0.3535533906  0.0000000000  0.0000000000  0.3535533906  0.0000000000  0.0000000000  0.3535533906  0.0000000000  0.0000000000  -0.3535533906  0.0000000000  0.0000000000  -0.3535533906  0.0000000000  0.0000000000  -0.3535533906  0.0000000000  0.0000000000  -0.3535533906
0.0000000000  0.0000000000  0.0000000000  0.0000000000  0.0000000000  0.0000000000  0.0000000000  0.0000000000  0.0000000000  0.0000000000  0.0000000000  0.0000000000  0.0000000000  0.3535533906  0.0000000000  0.0000000000  0.3535533906  0.0000000000  0.0000000000  0.3535533906  0.0000000000  0.0000000000  0.3535533906  0.0000000000  0.0000000000  -0.3535533906  0.0000000000  0.0000000000  -0.3535533906  0.0000000000  0.0000000000  -0.3535533906  0.0000000000  0.0000000000  -0.3535533906  0.0000000000
0.0000000000  0.0000000000  0.0000000000  0.0000000000  0.0000000000  0.0000000000  0.0000000000  0.0000000000  0.0000000000  0.0000000000  0.0000000000  0.0000000000  -0.3535533906  0.0000000000  0.0000000000  -0.3535533906  0.0000000000  0.0000000000  -0.3535533906  0.0000000000  0.0000000000  -0.3535533906  0.0000000000  0.0000000000  0.3535533906  0.0000000000  0.0000000000  0.3535533906  0.0000000000  0.0000000000  0.3535533906  0.0000000000  0.0000000000  0.3535533906  0.0000000000  0.0000000000
0.0000000000  0.0000000000  0.5000000000  0.0000000000  0.0000000000  0.5000000000  0.0000000000  0.0000000000  0.5000000000  0.0000000000  0.0000000000  0.5000000000  0.0000000000  0.0000000000  0.0000000000  0.0000000000  0.0000000000  0.0000000000  0.0000000000  0.0000000000  0.0000000000  0.0000000000  0.0000000000  0.0000000000  0.0000000000  0.0000000000  0.0000000000  0.0000000000  0.0000000000  0.0000000000  0.0000000000  0.0000000000  0.0000000000  0.0000000000  0.0000000000  0.0000000000
0.0000000000  0.0000000000  0.0000000000  0.0000000000  0.0000000000  0.0000000000  0.0000000000  0.0000000000  0.0000000000  0.0000000000  0.0000000000  0.0000000000  0.0000000000  0.0000000000  0.3535533906  0.0000000000  0.0000000000  0.3535533906  0.0000000000  0.0000000000  0.3535533906  0.0000000000  0.0000000000  0.3535533906  0.0000000000  0.0000000000  0.3535533906  0.0000000000  0.0000000000  0.3535533906  0.0000000000  0.0000000000  0.3535533906  0.0000000000  0.0000000000  0.3535533906
0.0000000000  -0.5000000000  0.0000000000  0.0000000000  -0.5000000000  0.0000000000  0.0000000000  -0.5000000000  0.0000000000  0.0000000000  -0.5000000000  0.0000000000  0.0000000000  0.0000000000  0.0000000000  0.0000000000  0.0000000000  0.0000000000  0.0000000000  0.0000000000  0.0000000000  0.0000000000  0.0000000000  0.0000000000  0.0000000000  0.0000000000  0.0000000000  0.0000000000  0.0000000000  0.0000000000  0.0000000000  0.0000000000  0.0000000000  0.0000000000  0.0000000000  0.0000000000
0.5000000000  0.0000000000  0.0000000000  0.5000000000  0.0000000000  0.0000000000  0.5000000000  0.0000000000  0.0000000000  0.5000000000  0.0000000000  0.0000000000  0.0000000000  0.0000000000  0.0000000000  0.0000000000  0.0000000000  0.0000000000  0.0000000000  0.0000000000  0.0000000000  0.0000000000  0.0000000000  0.0000000000  0.0000000000  0.0000000000  0.0000000000  0.0000000000  0.0000000000  0.0000000000  0.0000000000  0.0000000000  0.0000000000  0.0000000000  0.0000000000  0.0000000000
0.0000000000  0.0000000000  0.0000000000  0.0000000000  0.0000000000  0.0000000000  0.0000000000  0.0000000000  0.0000000000  0.0000000000  0.0000000000  0.0000000000  0.0000000000  0.3535533906  0.0000000000  0.0000000000  0.3535533906  0.0000000000  0.0000000000  0.3535533906  0.0000000000  0.0000000000  0.3535533906  0.0000000000  0.0000000000  0.3535533906  0.0000000000  0.0000000000  0.3535533906  0.0000000000  0.0000000000  0.3535533906  0.0000000000  0.0000000000  0.3535533906  0.0000000000
0.0000000000  0.0000000000  0.0000000000  0.0000000000  0.0000000000  0.0000000000  0.0000000000  0.0000000000  0.0000000000  0.0000000000  0.0000000000  0.0000000000  -0.3535533906  0.0000000000  0.0000000000  -0.3535533906  0.0000000000  0.0000000000  -0.3535533906  0.0000000000  0.0000000000  -0.3535533906  0.0000000000  0.0000000000  -0.3535533906  0.0000000000  0.0000000000  -0.3535533906  0.0000000000  0.0000000000  -0.3535533906  0.0000000000  0.0000000000  -0.3535533906  0.0000000000  0.0000000000
0.0000000000  0.0000000000  0.0000000000  0.0000000000  0.0000000000  0.0000000000  0.0000000000  0.0000000000  0.0000000000  0.0000000000  0.0000000000  0.0000000000  0.0000000000  0.0000000000  0.3535533906  0.0000000000  0.0000000000  -0.3535533906  0.0000000000  0.0000000000  0.3535533906  0.0000000000  0.0000000000  -0.3535533906  0.0000000000  0.0000000000  0.3535533906  0.0000000000  0.0000000000  -0.3535533906  0.0000000000  0.0000000000  0.3535533906  0.0000000000  0.0000000000  -0.3535533906
0.0000000000  0.0000000000  0.0000000000  0.0000000000  0.0000000000  0.0000000000  0.0000000000  0.0000000000  0.0000000000  0.0000000000  0.0000000000  0.0000000000  0.0000000000  0.0000000000  0.3535533906  0.0000000000  0.0000000000  -0.3535533906  0.0000000000  0.0000000000  -0.3535533906  0.0000000000  0.0000000000  0.3535533906  0.0000000000  0.0000000000  -0.3535533906  0.0000000000  0.0000000000  0.3535533906  0.0000000000  0.0000000000  0.3535533906  0.0000000000  0.0000000000  -0.3535533906
0.0000000000  0.0000000000  0.0000000000  0.0000000000  0.0000000000  0.0000000000  0.0000000000  0.0000000000  0.0000000000  0.0000000000  0.0000000000  0.0000000000  0.0000000000  0.0000000000  -0.3535533906  0.0000000000  0.0000000000  -0.3535533906  0.0000000000  0.0000000000  0.3535533906  0.0000000000  0.0000000000  0.3535533906  0.0000000000  0.0000000000  -0.3535533906  0.0000000000  0.0000000000  -0.3535533906  0.0000000000  0.0000000000  0.3535533906  0.0000000000  0.0000000000  0.3535533906
0.0000000000  0.0000000000  0.0000000000  0.0000000000  0.0000000000  0.0000000000  0.0000000000  0.0000000000  0.0000000000  0.0000000000  0.0000000000  0.0000000000  0.3061862178  0.1767766953  0.0000000000  -0.3061862178  -0.1767766953  0.0000000000  0.3061862178  0.1767766953  0.0000000000  -0.3061862178  -0.1767766953  0.0000000000  0.3061862178  0.1767766953  0.0000000000  -0.3061862178  -0.1767766953  0.0000000000  0.3061862178  0.1767766953  0.0000000000  -0.3061862178  -0.1767766953  0.0000000000
0.0000000000  0.0000000000  0.0000000000  0.0000000000  0.0000000000  0.0000000000  0.0000000000  0.0000000000  0.0000000000  0.0000000000  0.0000000000  0.0000000000  -0.3061862178  0.1767766953  0.0000000000  0.3061862178  -0.1767766953  0.0000000000  0.3061862178  -0.1767766953  0.0000000000  -0.3061862178  0.1767766953  0.0000000000  0.3061862178  -0.1767766953  0.0000000000  -0.3061862178  0.1767766953  0.0000000000  -0.3061862178  0.1767766953  0.0000000000  0.3061862178  -0.1767766953  0.0000000000
0.0000000000  0.0000000000  0.0000000000  0.0000000000  0.0000000000  0.0000000000  0.0000000000  0.0000000000  0.0000000000  0.0000000000  0.0000000000  0.0000000000  0.0000000000  0.3535533906  0.0000000000  0.0000000000  0.3535533906  0.0000000000  0.0000000000  -0.3535533906  0.0000000000  0.0000000000  -0.3535533906  0.0000000000  0.0000000000  0.3535533906  0.0000000000  0.0000000000  0.3535533906  0.0000000000  0.0000000000  -0.3535533906  0.0000000000  0.0000000000  -0.3535533906  0.0000000000
0.0000000000  0.0000000000  0.0000000000  0.0000000000  0.0000000000  0.0000000000  0.0000000000  0.0000000000  0.0000000000  0.0000000000  0.0000000000  0.0000000000  -0.1767766953  0.3061862178  0.0000000000  0.1767766953  -0.3061862178  0.0000000000  -0.1767766953  0.3061862178  0.0000000000  0.1767766953  -0.3061862178  0.0000000000  -0.1767766953  0.3061862178  0.0000000000  0.1767766953  -0.3061862178  0.0000000000  -0.1767766953  0.3061862178  0.0000000000  0.1767766953  -0.3061862178  0.0000000000
0.0000000000  0.0000000000  0.0000000000  0.0000000000  0.0000000000  0.0000000000  0.0000000000  0.0000000000  0.0000000000  0.0000000000  0.0000000000  0.0000000000  -0.1767766953  -0.3061862178  0.0000000000  0.1767766953  0.3061862178  0.0000000000  0.1767766953  0.3061862178  0.0000000000  -0.1767766953  -0.3061862178  0.0000000000  0.1767766953  0.3061862178  0.0000000000  -0.1767766953  -0.3061862178  0.0000000000  -0.1767766953  -0.3061862178  0.0000000000  0.1767766953  0.3061862178  0.0000000000
0.0000000000  0.0000000000  0.0000000000  0.0000000000  0.0000000000  0.0000000000  0.0000000000  0.0000000000  0.0000000000  0.0000000000  0.0000000000  0.0000000000  -0.3535533906  0.0000000000  0.0000000000  -0.3535533906  0.0000000000  0.0000000000  0.3535533906  0.0000000000  0.0000000000  0.3535533906  0.0000000000  0.0000000000  -0.3535533906  0.0000000000  0.0000000000  -0.3535533906  0.0000000000  0.0000000000  0.3535533906  0.0000000000  0.0000000000  0.3535533906  0.0000000000  0.0000000000
0.2500000000  -0.4330127019  0.0000000000  -0.2500000000  0.4330127019  0.0000000000  0.2500000000  -0.4330127019  0.0000000000  -0.2500000000  0.4330127019  0.0000000000  0.0000000000  0.0000000000  0.0000000000  0.0000000000  0.0000000000  0.0000000000  0.0000000000  0.0000000000  0.0000000000  0.0000000000  0.0000000000  0.0000000000  0.0000000000  0.0000000000  0.0000000000  0.0000000000  0.0000000000  0.0000000000  0.0000000000  0.0000000000  0.0000000000  0.0000000000  0.0000000000  0.0000000000
0.2500000000  0.4330127019  0.0000000000  -0.2500000000  -0.4330127019  0.0000000000  -0.2500000000  -0.4330127019  0.0000000000  0.2500000000  0.4330127019  0.0000000000  0.0000000000  0.0000000000  0.0000000000  0.0000000000  0.0000000000  0.0000000000  0.0000000000  0.0000000000  0.0000000000  0.0000000000  0.0000000000  0.0000000000  0.0000000000  0.0000000000  0.0000000000  0.0000000000  0.0000000000  0.0000000000  0.0000000000  0.0000000000  0.0000000000  0.0000000000  0.0000000000  0.0000000000
-0.5000000000  0.0000000000  0.0000000000  -0.5000000000  0.0000000000  0.0000000000  0.5000000000  0.0000000000  0.0000000000  0.5000000000  0.0000000000  0.0000000000  0.0000000000  0.0000000000  0.0000000000  0.0000000000  0.0000000000  0.0000000000  0.0000000000  0.0000000000  0.0000000000  0.0000000000  0.0000000000  0.0000000000  0.0000000000  0.0000000000  0.0000000000  0.0000000000  0.0000000000  0.0000000000  0.0000000000  0.0000000000  0.0000000000  0.0000000000  0.0000000000  0.0000000000
0.0000000000  0.0000000000  0.0000000000  0.0000000000  0.0000000000  0.0000000000  0.0000000000  0.0000000000  0.0000000000  0.0000000000  0.0000000000  0.0000000000  -0.1767766953  0.3061862178  0.0000000000  0.1767766953  -0.3061862178  0.0000000000  -0.1767766953  0.3061862178  0.0000000000  0.1767766953  -0.3061862178  0.0000000000  0.1767766953  -0.3061862178  0.0000000000  -0.1767766953  0.3061862178  0.0000000000  0.1767766953  -0.3061862178  0.0000000000  -0.1767766953  0.3061862178  0.0000000000
0.0000000000  0.0000000000  0.0000000000  0.0000000000  0.0000000000  0.0000000000  0.0000000000  0.0000000000  0.0000000000  0.0000000000  0.0000000000  0.0000000000  -0.1767766953  -0.3061862178  0.0000000000  0.1767766953  0.3061862178  0.0000000000  0.1767766953  0.3061862178  0.0000000000  -0.1767766953  -0.3061862178  0.0000000000  -0.1767766953  -0.3061862178  0.0000000000  0.1767766953  0.3061862178  0.0000000000  0.1767766953  0.3061862178  0.0000000000  -0.1767766953  -0.3061862178  0.0000000000
0.0000000000  0.0000000000  0.0000000000  0.0000000000  0.0000000000  0.0000000000  0.0000000000  0.0000000000  0.0000000000  0.0000000000  0.0000000000  0.0000000000  -0.3535533906  0.0000000000  0.0000000000  -0.3535533906  0.0000000000  0.0000000000  0.3535533906  0.0000000000  0.0000000000  0.3535533906  0.0000000000  0.0000000000  0.3535533906  0.0000000000  0.0000000000  0.3535533906  0.0000000000  0.0000000000  -0.3535533906  0.0000000000  0.0000000000  -0.3535533906  0.0000000000  0.0000000000
0.0000000000  0.0000000000  0.5000000000  0.0000000000  0.0000000000  -0.5000000000  0.0000000000  0.0000000000  0.5000000000  0.0000000000  0.0000000000  -0.5000000000  0.0000000000  0.0000000000  0.0000000000  0.0000000000  0.0000000000  0.0000000000  0.0000000000  0.0000000000  0.0000000000  0.0000000000  0.0000000000  0.0000000000  0.0000000000  0.0000000000  0.0000000000  0.0000000000  0.0000000000  0.0000000000  0.0000000000  0.0000000000  0.0000000000  0.0000000000  0.0000000000  0.0000000000
0.0000000000  0.0000000000  0.5000000000  0.0000000000  0.0000000000  -0.5000000000  0.0000000000  0.0000000000  -0.5000000000  0.0000000000  0.0000000000  0.5000000000  0.0000000000  0.0000000000  0.0000000000  0.0000000000  0.0000000000  0.0000000000  0.0000000000  0.0000000000  0.0000000000  0.0000000000  0.0000000000  0.0000000000  0.0000000000  0.0000000000  0.0000000000  0.0000000000  0.0000000000  0.0000000000  0.0000000000  0.0000000000  0.0000000000  0.0000000000  0.0000000000  0.0000000000
0.0000000000  0.0000000000  0.5000000000  0.0000000000  0.0000000000  0.5000000000  0.0000000000  0.0000000000  -0.5000000000  0.0000000000  0.0000000000  -0.5000000000  0.0000000000  0.0000000000  0.0000000000  0.0000000000  0.0000000000  0.0000000000  0.0000000000  0.0000000000  0.0000000000  0.0000000000  0.0000000000  0.0000000000  0.0000000000  0.0000000000  0.0000000000  0.0000000000  0.0000000000  0.0000000000  0.0000000000  0.0000000000  0.0000000000  0.0000000000  0.0000000000  0.0000000000
0.4330127019  0.2500000000  0.0000000000  -0.4330127019  -0.2500000000  0.0000000000  0.4330127019  0.2500000000  0.0000000000  -0.4330127019  -0.2500000000  0.0000000000  0.0000000000  0.0000000000  0.0000000000  0.0000000000  0.0000000000  0.0000000000  0.0000000000  0.0000000000  0.0000000000  0.0000000000  0.0000000000  0.0000000000  0.0000000000  0.0000000000  0.0000000000  0.0000000000  0.0000000000  0.0000000000  0.0000000000  0.0000000000  0.0000000000  0.0000000000  0.0000000000  0.0000000000
-0.4330127019  0.2500000000  0.0000000000  0.4330127019  -0.2500000000  0.0000000000  0.4330127019  -0.2500000000  0.0000000000  -0.4330127019  0.2500000000  0.0000000000  0.0000000000  0.0000000000  0.0000000000  0.0000000000  0.0000000000  0.0000000000  0.0000000000  0.0000000000  0.0000000000  0.0000000000  0.0000000000  0.0000000000  0.0000000000  0.0000000000  0.0000000000  0.0000000000  0.0000000000  0.0000000000  0.0000000000  0.0000000000  0.0000000000  0.0000000000  0.0000000000  0.0000000000
0.0000000000  -0.5000000000  0.0000000000  0.0000000000  -0.5000000000  0.0000000000  0.0000000000  0.5000000000  0.0000000000  0.0000000000  0.5000000000  0.0000000000  0.0000000000  0.0000000000  0.0000000000  0.0000000000  0.0000000000  0.0000000000  0.0000000000  0.0000000000  0.0000000000  0.0000000000  0.0000000000  0.0000000000  0.0000000000  0.0000000000  0.0000000000  0.0000000000  0.0000000000  0.0000000000  0.0000000000  0.0000000000  0.0000000000  0.0000000000  0.0000000000  0.0000000000
0.0000000000  0.0000000000  0.0000000000  0.0000000000  0.0000000000  0.0000000000  0.0000000000  0.0000000000  0.0000000000  0.0000000000  0.0000000000  0.0000000000  0.0000000000  0.0000000000  0.3535533906  0.0000000000  0.0000000000  -0.3535533906  0.0000000000  0.0000000000  0.3535533906  0.0000000000  0.0000000000  -0.3535533906  0.0000000000  0.0000000000  -0.3535533906  0.0000000000  0.0000000000  0.3535533906  0.0000000000  0.0000000000  -0.3535533906  0.0000000000  0.0000000000  0.3535533906
0.0000000000  0.0000000000  0.0000000000  0.0000000000  0.0000000000  0.0000000000  0.0000000000  0.0000000000  0.0000000000  0.0000000000  0.0000000000  0.0000000000  0.0000000000  0.0000000000  0.3535533906  0.0000000000  0.0000000000  -0.3535533906  0.0000000000  0.0000000000  -0.3535533906  0.0000000000  0.0000000000  0.3535533906  0.0000000000  0.0000000000  0.3535533906  0.0000000000  0.0000000000  -0.3535533906  0.0000000000  0.0000000000  -0.3535533906  0.0000000000  0.0000000000  0.3535533906
0.0000000000  0.0000000000  0.0000000000  0.0000000000  0.0000000000  0.0000000000  0.0000000000  0.0000000000  0.0000000000  0.0000000000  0.0000000000  0.0000000000  0.0000000000  0.0000000000  -0.3535533906  0.0000000000  0.0000000000  -0.3535533906  0.0000000000  0.0000000000  0.3535533906  0.0000000000  0.0000000000  0.3535533906  0.0000000000  0.0000000000  0.3535533906  0.0000000000  0.0000000000  0.3535533906  0.0000000000  0.0000000000  -0.3535533906  0.0000000000  0.0000000000  -0.3535533906
0.0000000000  0.0000000000  0.0000000000  0.0000000000  0.0000000000  0.0000000000  0.0000000000  0.0000000000  0.0000000000  0.0000000000  0.0000000000  0.0000000000  0.3061862178  0.1767766953  0.0000000000  -0.3061862178  -0.1767766953  0.0000000000  0.3061862178  0.1767766953  0.0000000000  -0.3061862178  -0.1767766953  0.0000000000  -0.3061862178  -0.1767766953  0.0000000000  0.3061862178  0.1767766953  0.0000000000  -0.3061862178  -0.1767766953  0.0000000000  0.3061862178  0.1767766953  0.0000000000
0.0000000000  0.0000000000  0.0000000000  0.0000000000  0.0000000000  0.0000000000  0.0000000000  0.0000000000  0.0000000000  0.0000000000  0.0000000000  0.0000000000  -0.3061862178  0.1767766953  0.0000000000  0.3061862178  -0.1767766953  0.0000000000  0.3061862178  -0.1767766953  0.0000000000  -0.3061862178  0.1767766953  0.0000000000  -0.3061862178  0.1767766953  0.0000000000  0.3061862178  -0.1767766953  0.0000000000  0.3061862178  -0.1767766953  0.0000000000  -0.3061862178  0.1767766953  0.0000000000
0.0000000000  0.0000000000  0.0000000000  0.0000000000  0.0000000000  0.0000000000  0.0000000000  0.0000000000  0.0000000000  0.0000000000  0.0000000000  0.0000000000  0.0000000000  0.3535533906  0.0000000000  0.0000000000  0.3535533906  0.0000000000  0.0000000000  -0.3535533906  0.0000000000  0.0000000000  -0.3535533906  0.0000000000  0.0000000000  -0.3535533906  0.0000000000  0.0000000000  -0.3535533906  0.0000000000  0.0000000000  0.3535533906  0.0000000000  0.0000000000  0.3535533906  0.0000000000
